dense
[array([[-1.10378, -2.50565,  0.08127, -0.84178,  0.0218 , -0.92258,
         0.0254 , -0.9503 ,  0.75692, -2.45202, -1.29351,  0.76877,
         0.77181,  0.65351, -0.01531,  0.28854],
       [ 0.22467,  0.15838, -0.02467,  0.09609, -0.89515, -0.751  ,
        -0.55699,  0.47371, -3.73573, -0.26964, -1.04563, -1.34562,
        -1.18863,  1.08742, -0.0422 ,  0.15487],
       [-1.82838,  0.16017,  1.15037, -1.42866,  0.48878, -1.29965,
        -1.83609, -0.14764,  0.96389,  0.03171,  0.406  , -0.12773,
        -3.29461, -1.12919, -1.81877, -2.33421],
       [ 0.10817,  0.15914,  1.22771,  1.32496,  1.26544, -0.34355,
         0.43622,  0.41414,  0.32418, -0.34155, -0.08953, -0.15562,
         1.05292,  0.30982, -0.76345,  0.92082],
       [-0.42369, -1.18641,  1.5483 , -0.00045,  0.13864, -0.36018,
         0.23224,  1.55034, -1.2384 , -0.43392, -0.46578,  2.57964,
        -0.34089,  0.27663,  0.15034, -0.00382],
       [ 0.11308, -1.48854,  1.74914,  0.98186,  2.72817,  0.67345,
         0.41983,  1.48945, -1.16134, -2.66398, -0.65922, -0.13926,
        -1.93317, -0.95403, -0.16747, -1.0428 ],
       [ 0.77659,  1.32431, -0.46941, -0.88229, -2.10545,  1.01823,
         0.30927, -1.5863 ,  0.96094,  1.75632,  0.669  , -1.87861,
         1.62796, -0.30568,  1.75563,  0.81497]], dtype=float32), array([ 1.15205,  0.20429, -0.19364,  0.9536 ,  0.06778,  0.87681,
        0.88946, -0.53536,  0.41552, -0.30956,  1.41807,  0.66722,
        0.57463, -0.57644,  0.4419 ,  0.2169 ], dtype=float32)]
==============================================
dense_1
[array([[ 0.13566,  0.04428,  0.92694, -2.71723],
       [ 0.80133,  0.90798, -0.42953,  0.82026],
       [-1.6809 ,  0.78462, -0.54291,  0.07158],
       [-0.29624,  0.57299,  0.83409, -2.4306 ],
       [-5.76548, -1.31975,  1.30734, -1.94715],
       [ 0.55643, -0.75718,  2.24286, -1.9426 ],
       [ 0.14793, -1.14146,  1.07883, -1.15609],
       [-0.75077, -0.10693,  0.78062, -0.91568],
       [ 1.05219, -0.80165, -0.68678,  0.80376],
       [ 1.54403, -0.06946, -1.0028 ,  2.16908],
       [-4.65222,  0.12694,  1.40953, -0.27172],
       [-2.22132,  0.38245,  0.24292,  0.46302],
       [ 0.98528, -0.61656,  0.75313, -0.98172],
       [ 0.07572,  0.37373, -0.49623,  0.41697],
       [ 1.49448,  0.23863,  1.47059, -1.75337],
       [ 0.83368,  0.19966,  0.24569, -2.24992]], dtype=float32), array([0.10763, 0.58483, 0.40318, 1.11466], dtype=float32)]
==============================================
dense_2
[array([[ 3.08516],
       [ 0.43566],
       [-2.7009 ],
       [ 3.798  ]], dtype=float32), array([-0.1165], dtype=float32)]
==============================================
